11
01010101000
01110110011
10101010110
10100010111
11001011111
11010100111
10010010010
11110110101
10010101011
01000110111
01000001101
01010111000
11111100001
11011111101
01001110000
11011101011
00110100110
10100010110
00111011011
00100010010
01111100010
00011011100
10110001000
00001110010
11110110010
00100110000
11010110100
11100100010
00010011001
00111110001
11010010111
10011001000
00100011111
11000010100
01001001001
01101110110
10010101100
00111101001
10011100111
00110010001
10100101000
11101000000
10011111111
10110000111
00011011000
11111111010
10010101001
00010101000
11101100110
01111101100
00101100101
00010011010
00001111111
11101000111
01011100110
01001111111
01001010001
10001111100
00100010110
01000010000
00010100010
01101100101
10100010100
01111110110
10110100001
00001100110
10001011010
10010011010
00111110111
11110110100
10110111111
01010101011
00010000001
00010010101
01000001101
00010100101
01111010001
11011000011
11001010111
10110011001
00010100110
01001010000
00100110110
10110101000
11000000111
01010000111
11100010110
11100000001
00000011001
00000111100
01011101001
01011100000
00110010111
10111110010
11111100100
00110100110
01110110001
11101001110
00001010101
10100111101
01111011000
10111011001
01100010111
00000100110
11011011111
01100000101
11101010111
00100011010
10010110101
10101100100
01110000110
10111000010
11011010001
01111100100
01100101111
10010011110
END
