7
0001010
0101010
1010111
0110010
0100101
1011100
0101111
1011000
0100100
0010001
0000101
1010001
0010110
0101011
0000000
0101111
1100100
0111110
1111110
1001100
0111001
0100010
0010000
1101011
0111000
1011111
1011001
1000010
0011011
1110011
1010001
1101001
0011000
0101000
0001101
1111011
0100001
0001100
0110100
0110100
1011001
0000001
1101111
1111101
1100110
1000000
1011011
0011010
1000101
0001000
1000111
0001010
1111111
1001111
0101100
1101011
0000010
0010111
0110010
0111011
1001010
1011110
0010011
0000001
1101101
1110110
1011010
1111110
0100000
1111010
0000100
0110101
0000010
1000110
1011110
0111010
0001100
0101001
1111111
1000101
0010010
1110000
1110000
0001010
0011001
1010001
1001010
0100001
0011101
1000010
1101110
0000000
1101000
1100001
1010111
1111101
0000000
0001000
1011001
0110111
0100101
1111111
1100010
1110001
0100010
1010101
1111101
0100001
1100011
0111011
0010000
0100001
0011100
1111001
1001000
1011111
0111101
1100111
1100001
1100101
0101110
0011110
1100010
1001110
1000110
0111100
0011011
0111110
1011011
1100010
0000110
0000000
0010110
1010000
0011010
1010111
1001010
0001101
1111110
0111111
1000011
0000011
1111110
1001110
0010001
0110001
1000110
1000111
0100110
1110011
1110100
0001000
1010110
0111001
0111110
1110110
0011000
1000010
0011100
1011001
1100001
1101111
0000001
1111110
1000110
0010000
0110010
0110110
1111101
1010100
1010111
0100100
1101100
1101101
0111100
1010011
1011111
0111001
1011011
0101100
1010100
1100001
0000001
1000110
1110001
0000100
0101000
0100110
1010100
1111101
0010100
0001010
1100000
1110100
1000111
0001001
1110011
0101101
0000000
1101111
0010111
1111010
0111010
0110111
1110011
0010000
1001011
1111011
1110100
1101110
1101010
0101001
0010101
1010011
0110000
1001011
0111001
0001101
1111110
1001011
1101010
0000001
0101110
1100110
1110010
0110000
1100010
1011101
1010101
0011011
1001010
1110010
0010101
1111110
1011101
1111010
0011110
0111100
0000110
0111001
0000010
1000100
1011011
1000010
0011111
1111110
1010111
0010000
1110111
0001000
0010000
1000101
1001001
1001100
1000000
0011000
1000110
1010000
0101101
1010100
0010001
1101010
1001110
0000101
1111111
0100000
1111001
1101100
0111111
1011111
0101011
1111010
0011110
0000010
1111101
1101101
0001010
1100100
1101000
1111000
0011101
0000000
0101111
1010011
1000001
0110110
1001000
0111101
1111001
1111110
1011011
1101101
0111010
1001010
0001110
0001001
0100101
1010001
1101000
0011011
1101100
0111101
0001011
0110000
0011001
0101100
1111001
1100111
0000101
0001111
1110011
1000010
1100110
0010111
0101011
0000000
1011001
0010010
0100100
1110111
0000100
1100101
0010100
1101000
1110000
1001001
1001011
0000010
1000001
1000001
0001001
0100000
0110011
0111111
1111110
0010010
0010110
1001011
0001010
1010011
1011001
1000100
0101001
1100001
1010101
0110100
0000010
0000100
0000010
1001001
0000010
0001000
0110010
0111001
1001000
1111011
0011000
0011001
0101110
0010010
1001100
1011010
0101100
0001001
1011101
0000110
1011110
0101100
0010101
1111101
0010111
0100101
1110011
0000000
0000101
1111010
1100000
1111111
1001011
0010101
0001011
0110101
0011001
0000000
0100010
0111100
0001010
0100011
0110100
0001011
0000101
0011000
1101000
0011100
0111110
1000010
0010101
1100110
0101110
0010011
0111110
1101000
1011010
0001000
1010011
0100001
1111000
1110110
1000100
1111111
1101111
0011110
0000000
0000000
0101011
1011001
0001000
1111101
0011010
1001010
0001110
0010011
1101000
1110101
0100011
1111110
1010111
1110000
1000010
1000110
0100010
1110010
0001111
1111001
0111011
0101001
1011010
1011111
0101101
0101001
0010100
0001000
0000101
0011100
1100110
1000010
0000111
1111111
1111110
0101110
0001000
0010010
1110111
0100010
0110101
0100111
0001011
0100010
1111101
1011101
0101100
0010000
0100111
1001011
0001110
0000010
1011001
1101010
0111011
0000000
1000011
0101110
1100000
0000001
1000001
0000000
0010011
0110100
0011100
1001011
0100010
0011011
0110000
1010101
1100001
1000000
0000111
1101111
0100011
0110110
1011101
1011101
0110010
0010001
0110010
1011111
0110010
0100100
1000011
0011010
1110100
0111001
0101011
0000111
0011100
0010111
1110010
1000001
1000101
0000000
1000110
0111110
0110011
1101011
0100100
1000001
0011111
0101110
1011100
1001000
1100100
0010100
0010001
0110100
1000101
1101011
0010111
0111000
0110101
1110000
1100101
0110001
1001011
1111011
1010111
1100010
0001011
1111110
0000110
1110110
0100010
1000110
0110101
1010011
1011100
0001011
1000011
0011011
1001000
0100110
0010100
1100101
0001100
0101000
1111011
1110110
0000111
0001111
1001101
0101010
1100011
1011010
0001000
1111101
0110100
1100110
0011011
1010010
1110110
0000000
0001010
0011011
0101101
0110000
0000111
1101101
1100111
1110000
1000011
1010000
0100110
0010100
1011100
1100111
0100101
0000100
1101000
0110010
0110010
0011111
0111010
0100110
1110000
1111000
0000000
1101100
1110001
0010100
0000110
0101010
1010000
0000010
1000010
1110100
0001111
0001101
1111110
0101111
0001101
0000100
0110110
1110101
1010100
0010111
1000010
1111100
0000011
1111110
0111000
END
