32
01011110001101100001000011110001
00111111011000010110100100101001
01111000101111110110010111011110
11000000010011110011110110110000
10011101001101101000111110010110
00101000010001001111110101100110
00010011001111100000010100001111
10011000000100011011001110110111
10001101001000011101001111111010
11110111110111110100111010110010
10101011110010111110010111101000
01110011011010001111100100100001
10111111110101111011001001010000
01101110100111001001100010110010
11110011010101111110101001111100
00000101001110011111000010100110
00101010010011100100100001110000
01001101001100000110110000110111
10100010111010011111011000111000
01001100001011000101000110010111
00001000101000010000001011001110
10111110101110111110001101101110
11101010101011001010011111000101
01001000001111110010001001110110
01001010100010111101010101111101
11111000000000110110001101010000
00010101010011001101101010111011
10001100101111100100000110100111
10010010101001001111110010110111
11011010011101111011000110001101
00000011110001010100100100101110
00111110111010101001011000010110
01111011000001010111001000010011
00001110110011010111110100110001
11111111010010000100001100110010
10010100100001111111111001000010
01101011000110000001000000001100
01011001011001101100101000110011
00001001111000010110010001000101
00111001100000011011001011001110
11111110110010011101100011111110
10000111110101011000001100110010
11100010101011111011111111101000
01000100000110001010001011101011
10110011110101100101010100010110
11100111110000111010110111111111
10111000001011000010101110010101
00101011111100001101001011010110
01001111101011100100111011111011
11110000010010011111110100111011
00010100000111110100110110101000
11101101100001010100110111101110
11111101100110111101000000100101
11011011110101011001001100100000
00000010000000001111000010111110
01010001011100000001100111011011
11001100000000011000101011010000
00001011111011010100011000010000
11010001111010001001100111011100
01000011111000100101001001111001
10101100110110010001100011101010
10101100110101110100101111110000
00010100111011110110010001011011
00101010101101110100100001010110
00111000011000100001010111110100
10000100100101100010100011101101
10100000111100011110011100100101
10001101110000111011000011101110
00001100111100110000000101100011
11010011100100111011100111110100
00010111010111000101000101001000
11000010000000011100011010101010
01110011100100101000011101110010
11011100101111111101001010000111
00011001001110100001110011100111
00010001010100011000100110111111
11111001011111010010111100100111
11110010101000101110101100001010
11111011100111111010101011000101
10110000001101101101110011110110
10100010100111001100001110100011
00011110110010110000000011110000
00110110000010101110011100100111
00001010011101101101011011101010
01100000000110010101111001111100
10010100100000100111100000010011
01000011001010101000111010001101
11111011111110011010100110011110
01000010010111000001100101101001
10101011000001110110001011001100
01011001101110010110000011000001
01011010011010001011001010110000
10010111001011111000010111001000
10101000000111011001110101001001
00001101011001011110001111100010
10001001111101010011110010110101
01101010000111100011011011111001
11100010011011001011000001011000
11010111101010000110101000111000
11110100111101110110000011101110
01011000001110100011111101100011
10011111101000001110111010101010
01000100110100100111010001001011
01000101101110110011110110101101
10101111000111001110111001111110
11000100000000101010001111011000
11100100101000011011011001010100
00111101010000011101011100011100
10100111111001011011110100110011
10011101010101110001101100100000
00101110011110100001011000010110
01100100101010110000100100111001
01100111101000000001101100001010
11010101110000001001100010010000
10010100100111010011110111110101
11010111100110110111011110011010
00000010010000110010001101001001
01100010011101100110111100101011
11011001011000001001100111101101
00010000100000100001101100101111
01010100110101010111101111000100
11001101001000101110100110010000
00100010011000001011110010100101
11011101101000001011111100111010
10100010100110110101111110000111
11011110000110111110101100010011
11010001110000010101000011111111
01001100011011011001010110101000
00111001010001110000111110010110
11010011101110100110000001110001
01100010111110100000100011101110
01100101101100100000110110100010
11110001110110101111010110110011
11100011110111010110011100010110
11001011110100101011010100001001
10010001101010001111000010101100
01111101001011100110100000011010
10101000011010001101011100010111
11001011001110110110010111010111
01001001111100101110000100111100
10011101011111010011010001111010
01000011110011111000100011001100
01111000010011010101101110000010
01011011001110100111100101011111
01001000000000011000111000101101
01110101101100000111101110001000
00001010011001000101010100010010
10100101111000111111110001101000
01110001010110111110100111000100
11011011001000010010000001000001
10010001011100101011101111010111
10010000100000000100000010110011
01101101100110101110111111001111
11101010111001011101110100011110
10100010101011000001001001000100
00110110011010101110010011111001
11100110001000110110110101010111
01000101000000110000100001000011
01001011010011011111101001000101
01010011001001101001010111000010
01000011101000101101011000000111
10000100100001000011111100111101
11110000100010010010000011111001
01000100101101010100000110110000
01011100001001010100101011111101
01000001011000111101011010101101
11111011000111000000000001001101
00100001100000001011001101110110
10001110111110101111010011011111
01000010111011101010100000011100
11111010101100110010111100011000
01001000000001110110011011001110
11001100100110111101001100001011
00011011000111000111001100101101
00111100001010100011000101101100
10111100001110101010110101011100
01111001100100101101010111000100
11111110001101101000010100100101
00110111010101110110110101111111
00000101011100111011110000110101
01100100010001111110110110000110
00001101101110000101111010001110
11110111100000000011010111000011
00110110000101101100011010001111
11100000011101100111001101110001
01000000101110000100110110110111
10111110110110010000111010010001
00100101000010100001100000100001
00100100000100110000001101111010
10010100001111000101010001101100
10000101110011101101111100100011
10101011011110100011110011110100
11000010111101001011010101000010
00011111010010001101110101100000
01011101111010001110101100111001
01100000111100110010101100010101
01001100011001011010110111011100
10011010011010111101111111110111
11011100101010100011101101111101
00011011010111111110110001111101
10001101110101111001010010011001
11100010001011110010101111010111
11011111011100000111110011001110
01101100001011110111001000101111
00011111111101011100100001001011
10110111001011001111101011110011
01001010101100010110101111011001
00111010110100000000010101001100
10110010000001011110100100000100
10000110011100101100111110100111
11111010111100100011000011100101
11011110100101101001001101000000
01010011011001110010011101101110
10010000000010100001100101111111
10111001101100011111001100000100
11000011111101011000011101011100
00100010001000110110010010110110
00011100111110001000111011000111
00010010010100010011111110010011
11011000010110101110000110111001
10011111001110100111001111001101
11100000011111101010010001001010
00010101001001001111101101001001
00110001001101101111000111010101
00101011000010100100001010010100
11100010001011000110100111010110
00011101110001011111100000101001
00011111100000010010110111000000
11100011111010100001101101011010
01111010001000011111100000011011
00000101011110110110000111101101
10001100001111011001100011101110
10101010011010011100001001111100
00110101011010110010111111101000
11010110110110100101101100111100
10001001100101100010001110000100
01101000010000100101111000100100
10011001110110111011111100100100
00100001000110001110101001111101
11110010011110110110011100001101
11101101101110011010000100011101
01100111100010010110010001010100
11011000110111111100110001100000
10101111100100101011001000110001
11111000110011001010011000100010
00101100110111000010000100100111
00000000010110001010100111011001
01010011111010100110110000111011
01111110010100001101001111000010
11111110100110001111001110110110
01010011000100100111011010001101
11111010011011111011100001100011
01000110001010100010101110011010
00011100101110011001101011001110
00101101110101110110011111100110
10101101100001001111110010001011
00110010001001101100010101011010
01101111110001011101110111101111
00110111000010100011010101000001
00010011011011111011100011111110
10110100010001011101001010011000
00110001010000001011000010001111
01100001001111110110000111000100
10010110100100101010011000101000
00110001101100001011010110011001
11001110010000110110000110110111
01111101000001011111011110001111
01010100001010001001111010001011
11011111110110101100100101011110
11101010101001111010100001101001
01000101010001110011101101111000
11111111011000000011011000110100
01100010101111110100110010110101
00000101010010110101110010111111
01100010100000001011101010000101
01100010001101100101101000111101
11111010101001010001000001110111
00000001011101101001001110011110
01000000111010101111101110001101
10010001011100101010110011000110
10100011010110000001100110111011
11000100000100110000001000000101
10110010110010000101100001101000
01101000011011101000110001000000
00110000000101001110100111001100
11011001110100110100101000111010
00101001101011000100110101110001
00000010011100111001010001011010
01110000101100111000000001100010
00111110111110011100100010101001
00100100110000001010111101001000
00111001010111100001101001010111
01001111000100101100000110010011
10111111010010111001010000001010
00001001011001101110000010101101
10111011110111100011111100100100
10101110111110001000100010110000
10101010111010011101101000000111
11100111011010111111101011011100
00000010001001000101100000010011
01001010000110101100001101001000
10000010111010110101000010011011
00101010100111010001101111010001
01110111011010110000010111000000
00101101100100100111001001011010
00001010001101110011010010000000
00100010111100111001011111100100
00101000101101011110011111110110
11000000111101111011011010101110
00000111100111000100100101011110
11011111011001100101110100110011
11010101101111000010101001101000
11011000111011111001001011011001
10001001000110011101101111001110
10001010011001110011000101010101
00100001001110100001111001000111
01110011101011000011111010000111
10010100110100000011011100100010
11011111010010111110001100001111
11000011110010001110111000000000
00000000000100001111001011101101
10001111101001011111110011100110
00110000111111111000001010011011
00000001010010001111011111110011
11100110110100000011111011011101
11111000100111100101011010000001
00011010100011010100111011011011
01011101001111001010100011001000
00000010110010101100111011101101
00000001100010100100110110110110
01001010100001001111010011011111
10110001011011011010100101011000
11000111100000100110110100110110
11001010001010000111011011110110
00101111100110001101001010101001
01101000010100111010100011011001
01001000000010010001001011100100
01101000011000010101100111011110
00010111101101010011110001000110
11111011000110011000100110000100
10011010010101001000001001000110
11110000111111010001111001100001
01001111110010001111110110111111
10000101100001011101011100111111
10000111000000010101010011110101
11000101000001100100101111110100
11010000000110101110001001111110
01100100011011000001000100001100
11110100001001001000111000111100
01101000011001110111011101000110
10001101111110111110101100010000
10000000000011100010000011111100
10111011010000011010010100011010
11010110000111001101011111000000
10111010101011011110011101101101
11100100111011010000110000001011
END
