144
001110111011010000111110011000010101011110011001011100101100101101100010011111010100111101110010100101100111010110101010001000010010100111001010
000110110111110011000111011110111000001010101000110101100001110010010101110010011001110100011011010100010011110011000010011110011101110111100111
011110111100110100011111001110001010001010011001100011101111111110100100101011101101101010101011011101111010100011101010000010111001110011101110
001110110011001101011000111000010101101000101011011111100000001100010110010111010101001001111001001000001011110111011101010010101001111010111000
110000111010000111000101100101110110101000111100010000000010101100011101010101110110110001010010011101100111000011111111110111100011001001101111
100011100110100111010010110001111111001101111100011011000100000011100010101111110101001010000001011010010101011101001001011011110111110000110000
101101000100001011100001000000100011111000000101011110000000010011110110110100010101101100001001000011100110011001101111111000100101011010111011
001111100010000001100011000101100001110011001101000001011001010000111110000011111111010101100100110011011110011101010100010000110111000010011001
100111010001110100000001010110100110011101010000001001110101111011010100101111011100011111001000101100010101101011000111110010001101100010101010
101100111101110000011001101001000000010110000011101101111110100100001010101000111110011001110010000001101011000000100001000111001001011110110100
100101101110011100011101010000001101110101100111110010100000010101011001011000100100001000010100000011110111001000000000101010110110111000000110
100110110101010110011001100100011000110110101111100010101110110010001000001110001000110110110011111011010111110000100011101001110100010001011011
111010110110100111111100001000110110001000010101010000010010111100101110111001100010001010010101100101010010100011011101000010100010000111001000
101000100101011010001001101001101111101001010110011100110011001101101100011111010000000100010101001011100101100111000010010000100110000011100000
110111010100100000110111111110001010101001000000110010110101111000010001011001001100111110010100101011101111011011000001101111011100101010111110
001111000111001110010100000011101001011000100111111110010111000001100001110111010110111100000101011100010001011110100011000010000010011001001110
001101110011010001001111001101011001110011001011011101011110100010111100100001101100010000011000101101111111001011101100101100101000111001111001
011000000101100011000001001110110100010000111111001000000001011111010111110001101010001111100111110100011111110010110111001110000111100000101001
011110011011111000001001011101101000001100011110010101000110000100110100110101101111011001011100101011000011001101000111010000000101000111010100
000111001001001111010001000000000011011111001010110100001001001001000110100001110110110000100111011001011001110001011101111000101010111001110010
100010101100110101111001010010110111111000011101011101000100111100011101101111001111001111101011011001101011011110010101011110101000110001100011
111101101000110010000000100001110010000100111000000011001001101100100010010010010101000110000101111111000001000010011000010100000111011011110001
001101100011011010010101111111001111111111010101001011100010100011100101001001001100011000010000010000001111011101100000110110111000000111010100
010101110101101101101100101101000010111100100010100010001101001001100010000001011111111001101110000001010110000011101011000111111111100110110111
101010111100000111101110110101010011010100010000110110101101101100011000001101101110100000011101100101101010100001011101100010000010101100101101
END
