111
111101101000110110001111001001010010101011000001100011011111001000010111110110100110011001101001000101010001010
101110010100010110100011010001010101100100101101111000100100101111001011000010111011100100111000101000001000011
100111101110010100000000101000100011101010001011010010011111001000010110010111110111100011010100000011011010100
111101111110100100110111000010011000111000110111000011111001000000001100111110011010000100010011011001011100011
110110111110001100000101001000110101000110110000001001101011100101001110100100101001011110101111001110000010000
110011000011110010111111110111110111011101010001110011000000111110010000101111001100000110100001000001011000110
100000100001110110111101010001111111111010101101110110011011100010011110101111000011010011101011010101101010110
010111011111110011000110001010011010010101010111011000000100111010111100011001100011011110101010100010011011100
101000011000111101100011110100110000000000011101000001110100111111101101000111111111000011000110100000000011100
011111010110111101101101111001011100000011010100101011010111000110001000111000010101100110010011111010001001011
001111010011000111110111011110011110011011011000011000100101101000101010111011011101010000100000011100111000000
100001000010100100000011101000010010100101111010010001111111110110110100000001000000110101011100111100110110010
110001111111101011010101100010101111100001100000110111110111010100010101011100000010101010011000100101001111001
011011001100010010000000100100100101101111011010001010110011000110011100111111001100111110100111100001010001001
111100000000100111111001011100100010110100110100110111110100111010111011101010000100110111000000110011001000111
001110101101101011010011001100011111001101101100000101101010000010110000100011000000101111001100111101001000101
001010100001111101011101100000101111111101111011111011110110010001110000011010110111011000111110111100010001000
010000110110100011000010110100001001100111100101001000111101101011001010000011111000011100010111011000000101011
111110100101110110010100110111000101111101010001011001010001101111000110010000001111011001110011010011111101101
110010110101100000011000110000111000011001110000001101110011010010010010100100000111110110011110101100010011011
001110011010100100010011010111100011010110100110110111101110100100001111111101000010100001110100101110001100000
101110100011001101011011001011001111101100010100101000101100000001111011010010100001111000010010100001100001011
101011111110011001001111010101111010101100101101011001100100111010111001111001010111001101110110101011100001000
END
